1.000000000000000000e+00 3.930664062500000000e-01 3.750000000000000000e-01 1.739501953125000000e-01 1.129760742187500000e-01 3.291015625000000000e-01 1.160278320312500000e-01 5.999755859375000000e-02 1.300048828125000000e-01 1.019897460937500000e-01 1.229858398437500000e-01 -1.000404357910156250e-03 3.298950195312500000e-02 1.140136718750000000e-01 3.889160156250000000e-01 1.490478515625000000e-01 1.019897460937500000e-01 3.789062500000000000e-01 1.590576171875000000e-01 1.269531250000000000e-01 1.350097656250000000e-01 1.100158691406250000e-02 1.619873046875000000e-01 3.298950195312500000e-02 4.098510742187500000e-02 1.529541015625000000e-01 2.000427246093750000e-02 1.280517578125000000e-01 9.997558593750000000e-02 -1.200103759765625000e-02 1.979980468750000000e-01 2.030029296875000000e-01 1.700439453125000000e-01 1.689453125000000000e-01 2.690429687500000000e-01 9.997558593750000000e-02 1.179809570312500000e-01 3.201293945312500000e-02 6.597900390625000000e-02 1.899719238281250000e-02 8.801269531250000000e-02 2.290039062500000000e-01 8.197021484375000000e-02 1.590576171875000000e-01 6.201171875000000000e-02 3.900146484375000000e-02 7.800292968750000000e-02 8.898925781250000000e-02 -2.699279785156250000e-02 4.699707031250000000e-02 6.799316406250000000e-02 5.599975585937500000e-02 1.199951171875000000e-01 -1.399993896484375000e-02 2.900695800781250000e-02 6.402587890625000000e-02 1.529541015625000000e-01 4.800415039062500000e-02 1.300048828125000000e-02 3.100585937500000000e-02 9.002685546875000000e-02 4.400634765625000000e-02 1.170043945312500000e-01 1.060180664062500000e-01 -5.300903320312500000e-02 1.100158691406250000e-02 -1.300048828125000000e-02 -4.001617431640625000e-03 4.501342773437500000e-02 2.000808715820312500e-03 7.098388671875000000e-02 1.689453125000000000e-01 1.269531250000000000e-01 1.090087890625000000e-01 2.871093750000000000e-01 6.201171875000000000e-02 -7.702636718750000000e-02 -4.098510742187500000e-02 6.000518798828125000e-03 3.000259399414062500e-03 4.098510742187500000e-02 1.699829101562500000e-02 -1.699829101562500000e-02 -0.000000000000000000e+00 1.199951171875000000e-01 -1.100158691406250000e-02 6.201171875000000000e-02 1.019897460937500000e-01 -2.200317382812500000e-02 5.899047851562500000e-02 3.298950195312500000e-02 1.110229492187500000e-01 7.897949218750000000e-02 4.000854492187500000e-02 1.190185546875000000e-01 -5.099487304687500000e-02 6.201171875000000000e-02 9.002685546875000000e-02 -5.300903320312500000e-02 -2.600097656250000000e-02
3.930664062500000000e-01 1.000000000000000000e+00 2.619628906250000000e-01 1.629638671875000000e-01 1.650390625000000000e-01 2.049560546875000000e-01 1.999511718750000000e-01 7.397460937500000000e-02 1.359863281250000000e-01 1.429443359375000000e-01 5.700683593750000000e-02 7.397460937500000000e-02 5.999755859375000000e-02 7.000732421875000000e-02 1.269531250000000000e-01 5.112304687500000000e-01 2.299804687500000000e-01 1.309814453125000000e-01 4.580078125000000000e-01 5.019531250000000000e-01 4.570312500000000000e-01 7.598876953125000000e-02 4.650878906250000000e-01 6.201171875000000000e-02 1.090087890625000000e-01 8.599853515625000000e-02 3.601074218750000000e-02 8.099365234375000000e-02 1.399993896484375000e-02 2.999877929687500000e-02 1.779785156250000000e-01 2.839355468750000000e-01 4.400634765625000000e-02 2.359619140625000000e-01 3.010253906250000000e-01 8.001708984375000000e-02 7.897949218750000000e-02 1.200103759765625000e-02 2.299499511718750000e-02 3.500366210937500000e-02 6.799316406250000000e-02 1.700439453125000000e-01 8.502197265625000000e-02 2.590332031250000000e-01 1.069946289062500000e-01 1.170043945312500000e-01 7.800292968750000000e-02 -1.000404357910156250e-03 4.998779296875000000e-02 1.179809570312500000e-01 4.998779296875000000e-02 2.900695800781250000e-02 4.000854492187500000e-02 -1.399993896484375000e-02 2.799987792968750000e-02 1.399993896484375000e-02 1.220092773437500000e-01 8.502197265625000000e-02 4.299926757812500000e-02 2.999877929687500000e-02 8.001708984375000000e-02 6.201171875000000000e-02 1.459960937500000000e-01 5.499267578125000000e-02 2.600097656250000000e-02 7.702636718750000000e-02 -3.399658203125000000e-02 3.201293945312500000e-02 3.298950195312500000e-02 6.402587890625000000e-02 2.499389648437500000e-02 1.309814453125000000e-01 9.698486328125000000e-02 9.100341796875000000e-02 1.760253906250000000e-01 7.000732421875000000e-02 -2.200317382812500000e-02 1.399993896484375000e-02 6.000518798828125000e-03 2.200317382812500000e-02 -1.399993896484375000e-02 7.299804687500000000e-02 4.901123046875000000e-02 -1.300048828125000000e-02 7.598876953125000000e-02 1.399993896484375000e-02 8.099365234375000000e-02 -6.999969482421875000e-03 -1.399993896484375000e-02 2.499389648437500000e-02 8.003234863281250000e-03 1.369628906250000000e-01 8.003234863281250000e-03 3.298950195312500000e-02 9.197998046875000000e-02 -2.000427246093750000e-02 -2.299499511718750000e-02 1.499938964843750000e-02 4.998779296875000000e-02 2.600097656250000000e-02
3.750000000000000000e-01 2.619628906250000000e-01 1.000000000000000000e+00 6.402587890625000000e-02 4.400634765625000000e-02 3.249511718750000000e-01 0.000000000000000000e+00 3.399658203125000000e-02 6.701660156250000000e-02 1.359863281250000000e-01 2.699279785156250000e-02 -9.997558593750000000e-02 -5.200195312500000000e-02 8.300781250000000000e-02 1.350097656250000000e-01 1.030273437500000000e-01 3.799438476562500000e-02 1.359863281250000000e-01 1.129760742187500000e-01 9.802246093750000000e-02 9.997558593750000000e-02 2.000427246093750000e-02 1.259765625000000000e-01 1.100158691406250000e-02 6.402587890625000000e-02 1.469726562500000000e-01 -2.900695800781250000e-02 1.259765625000000000e-01 3.000488281250000000e-01 9.002685546875000000e-03 1.090087890625000000e-01 1.400146484375000000e-01 1.860351562500000000e-01 4.699707031250000000e-02 1.400146484375000000e-01 1.099853515625000000e-01 2.070312500000000000e-01 -1.000213623046875000e-02 6.298828125000000000e-02 -8.801269531250000000e-02 4.389648437500000000e-01 2.580566406250000000e-01 4.199218750000000000e-01 1.240234375000000000e-01 -7.000732421875000000e-02 -6.201171875000000000e-02 3.850097656250000000e-01 5.700683593750000000e-02 -4.501342773437500000e-02 7.800292968750000000e-02 -2.299499511718750000e-02 9.301757812500000000e-02 1.110229492187500000e-01 -8.300781250000000000e-02 6.701660156250000000e-02 1.100158691406250000e-02 1.010131835937500000e-01 -3.799438476562500000e-02 -1.000213623046875000e-02 5.001068115234375000e-03 2.529296875000000000e-01 9.698486328125000000e-02 1.199951171875000000e-01 1.419677734375000000e-01 -3.100585937500000000e-02 1.399993896484375000e-02 -5.599975585937500000e-02 -2.299499511718750000e-02 -2.000427246093750000e-02 2.299499511718750000e-02 3.000259399414062500e-03 1.510009765625000000e-01 3.500366210937500000e-02 1.040039062500000000e-01 1.860351562500000000e-01 5.200195312500000000e-02 -6.402587890625000000e-02 -4.199218750000000000e-02 3.900146484375000000e-02 -1.600646972656250000e-02 -1.600646972656250000e-02 4.800415039062500000e-02 -2.000427246093750000e-02 -9.497070312500000000e-02 2.661132812500000000e-01 -1.699829101562500000e-02 -2.099609375000000000e-02 8.502197265625000000e-02 -7.098388671875000000e-02 4.400634765625000000e-02 -2.299499511718750000e-02 4.400634765625000000e-02 2.200317382812500000e-02 -1.300048828125000000e-02 1.610107421875000000e-01 -4.998779296875000000e-02 -3.000259399414062500e-03 2.000427246093750000e-02 -4.098510742187500000e-02 -8.300781250000000000e-02
1.739501953125000000e-01 1.629638671875000000e-01 6.402587890625000000e-02 1.000000000000000000e+00 4.121093750000000000e-01 1.850585937500000000e-01 1.119995117187500000e-01 3.620605468750000000e-01 9.698486328125000000e-02 2.509765625000000000e-01 2.629394531250000000e-01 1.750488281250000000e-01 2.080078125000000000e-01 1.899414062500000000e-01 -1.800537109375000000e-02 6.402587890625000000e-02 1.199951171875000000e-01 -3.601074218750000000e-02 1.699829101562500000e-02 2.499389648437500000e-02 3.201293945312500000e-02 4.998779296875000000e-02 3.799438476562500000e-02 2.509765625000000000e-01 2.049560546875000000e-01 2.170410156250000000e-01 2.871093750000000000e-01 2.340087890625000000e-01 -5.801391601562500000e-02 8.599853515625000000e-02 1.350097656250000000e-01 1.820068359375000000e-01 1.719970703125000000e-01 9.002685546875000000e-02 4.299926757812500000e-02 2.780761718750000000e-01 7.000732421875000000e-02 1.259765625000000000e-01 1.140136718750000000e-01 1.600341796875000000e-01 -4.901123046875000000e-02 -7.397460937500000000e-02 -5.999755859375000000e-02 2.999877929687500000e-02 7.598876953125000000e-02 1.610107421875000000e-01 -4.199218750000000000e-02 1.789550781250000000e-01 1.400146484375000000e-01 1.119995117187500000e-01 1.639404296875000000e-01 2.629394531250000000e-01 1.400146484375000000e-01 1.669921875000000000e-01 2.020263671875000000e-01 1.910400390625000000e-01 1.019897460937500000e-01 1.100158691406250000e-02 1.560058593750000000e-01 7.299804687500000000e-02 -3.900146484375000000e-02 1.459960937500000000e-01 8.502197265625000000e-02 5.200195312500000000e-02 1.209716796875000000e-01 1.079711914062500000e-01 1.269531250000000000e-01 1.700439453125000000e-01 4.998779296875000000e-02 5.499267578125000000e-02 5.999755859375000000e-02 8.300781250000000000e-02 6.500244140625000000e-02 1.110229492187500000e-01 6.000518798828125000e-03 1.590576171875000000e-01 4.000854492187500000e-02 1.060180664062500000e-01 1.019897460937500000e-01 6.100463867187500000e-02 1.939697265625000000e-01 6.500244140625000000e-02 8.001708984375000000e-02 1.440429687500000000e-01 3.500366210937500000e-02 1.140136718750000000e-01 1.399993896484375000e-02 1.459960937500000000e-01 1.750488281250000000e-01 1.369628906250000000e-01 1.429443359375000000e-01 1.729736328125000000e-01 1.629638671875000000e-01 1.610107421875000000e-01 7.501220703125000000e-02 1.160278320312500000e-01 2.900695800781250000e-02 1.179809570312500000e-01 1.110229492187500000e-01 1.200103759765625000e-02
1.129760742187500000e-01 1.650390625000000000e-01 4.400634765625000000e-02 4.121093750000000000e-01 1.000000000000000000e+00 1.199951171875000000e-01 1.030273437500000000e-01 4.570312500000000000e-01 1.429443359375000000e-01 2.900390625000000000e-01 1.829833984375000000e-01 2.609863281250000000e-01 2.749023437500000000e-01 1.229858398437500000e-01 -2.400207519531250000e-02 4.000854492187500000e-02 1.309814453125000000e-01 -3.201293945312500000e-02 1.800537109375000000e-02 3.399658203125000000e-02 4.199218750000000000e-02 9.301757812500000000e-02 5.899047851562500000e-02 2.829589843750000000e-01 2.910156250000000000e-01 1.369628906250000000e-01 3.278808593750000000e-01 1.700439453125000000e-01 -4.299926757812500000e-02 9.100341796875000000e-02 1.290283203125000000e-01 1.160278320312500000e-01 1.340332031250000000e-01 1.030273437500000000e-01 -1.399993896484375000e-02 2.939453125000000000e-01 1.079711914062500000e-01 1.479492187500000000e-01 1.259765625000000000e-01 2.249755859375000000e-01 -2.699279785156250000e-02 -8.599853515625000000e-02 -3.799438476562500000e-02 1.899719238281250000e-02 1.110229492187500000e-01 2.270507812500000000e-01 -2.999877929687500000e-02 1.229858398437500000e-01 1.779785156250000000e-01 8.599853515625000000e-02 1.810302734375000000e-01 2.629394531250000000e-01 8.502197265625000000e-02 2.270507812500000000e-01 1.569824218750000000e-01 8.898925781250000000e-02 1.440429687500000000e-01 3.799438476562500000e-02 2.290039062500000000e-01 8.801269531250000000e-02 -1.200103759765625000e-02 1.379394531250000000e-01 6.799316406250000000e-02 1.110229492187500000e-01 1.519775390625000000e-01 1.639404296875000000e-01 1.220092773437500000e-01 1.729736328125000000e-01 6.201171875000000000e-02 6.597900390625000000e-02 4.001617431640625000e-03 4.000854492187500000e-02 7.397460937500000000e-02 9.600830078125000000e-02 -3.201293945312500000e-02 1.090087890625000000e-01 1.119995117187500000e-01 1.949462890625000000e-01 1.290283203125000000e-01 5.999755859375000000e-02 1.340332031250000000e-01 6.701660156250000000e-02 1.290283203125000000e-01 1.400146484375000000e-01 3.601074218750000000e-02 1.269531250000000000e-01 3.298950195312500000e-02 5.801391601562500000e-02 2.110595703125000000e-01 5.999755859375000000e-02 1.429443359375000000e-01 1.280517578125000000e-01 1.379394531250000000e-01 1.739501953125000000e-01 1.110229492187500000e-01 2.020263671875000000e-01 -4.001617431640625000e-03 6.402587890625000000e-02 1.689453125000000000e-01 1.800537109375000000e-02
3.291015625000000000e-01 2.049560546875000000e-01 3.249511718750000000e-01 1.850585937500000000e-01 1.199951171875000000e-01 1.000000000000000000e+00 -7.098388671875000000e-02 4.598999023437500000e-02 -3.000259399414062500e-03 9.197998046875000000e-02 1.390380859375000000e-01 -6.500244140625000000e-02 -8.003234863281250000e-03 1.300048828125000000e-02 1.350097656250000000e-01 9.197998046875000000e-02 -6.402587890625000000e-02 1.199951171875000000e-01 1.049804687500000000e-01 7.397460937500000000e-02 8.001708984375000000e-02 -4.299926757812500000e-02 7.800292968750000000e-02 3.698730468750000000e-02 6.402587890625000000e-02 1.829833984375000000e-01 9.002685546875000000e-03 6.701660156250000000e-02 1.560058593750000000e-01 2.000427246093750000e-02 1.689453125000000000e-01 4.098510742187500000e-02 1.400146484375000000e-01 -3.698730468750000000e-02 2.159423828125000000e-01 1.049804687500000000e-01 1.429443359375000000e-01 6.799316406250000000e-02 2.799987792968750000e-02 -4.598999023437500000e-02 1.400146484375000000e-01 2.089843750000000000e-01 1.369628906250000000e-01 4.699707031250000000e-02 -7.501220703125000000e-02 -5.599975585937500000e-02 1.019897460937500000e-01 9.100341796875000000e-02 2.000808715820312500e-03 5.801391601562500000e-02 8.502197265625000000e-02 4.998779296875000000e-02 1.949462890625000000e-01 -9.002685546875000000e-02 3.399658203125000000e-02 9.497070312500000000e-02 2.980957031250000000e-01 -3.298950195312500000e-02 -2.000808715820312500e-03 -4.501342773437500000e-02 1.259765625000000000e-01 7.098388671875000000e-02 8.001708984375000000e-02 7.098388671875000000e-02 -3.201293945312500000e-02 4.001617431640625000e-03 -5.499267578125000000e-02 -2.600097656250000000e-02 -9.100341796875000000e-02 -1.499938964843750000e-02 -1.100158691406250000e-02 4.719238281250000000e-01 1.399993896484375000e-02 1.469726562500000000e-01 2.490234375000000000e-01 4.901123046875000000e-02 -8.300781250000000000e-02 -3.100585937500000000e-02 -4.501342773437500000e-02 -1.699829101562500000e-02 2.499389648437500000e-02 -2.099609375000000000e-02 -3.900146484375000000e-02 -3.399658203125000000e-02 1.970214843750000000e-01 6.999969482421875000e-03 -9.100341796875000000e-02 1.229858398437500000e-01 -9.002685546875000000e-02 7.000732421875000000e-02 5.001068115234375000e-03 5.899047851562500000e-02 8.001708984375000000e-02 -2.000808715820312500e-03 1.639404296875000000e-01 -4.800415039062500000e-02 -2.000427246093750000e-02 1.400146484375000000e-01 -9.002685546875000000e-03 -1.179809570312500000e-01
1.160278320312500000e-01 1.999511718750000000e-01 0.000000000000000000e+00 1.119995117187500000e-01 1.030273437500000000e-01 -7.098388671875000000e-02 1.000000000000000000e+00 9.100341796875000000e-02 7.000732421875000000e-02 5.599975585937500000e-02 -2.200317382812500000e-02 1.810302734375000000e-01 1.450195312500000000e-01 3.201293945312500000e-02 4.598999023437500000e-02 2.120361328125000000e-01 4.670410156250000000e-01 3.601074218750000000e-02 1.710205078125000000e-01 2.159423828125000000e-01 2.030029296875000000e-01 1.090087890625000000e-01 2.130126953125000000e-01 1.300048828125000000e-01 1.119995117187500000e-01 -6.500244140625000000e-02 1.450195312500000000e-01 2.400207519531250000e-02 -1.030273437500000000e-01 6.500244140625000000e-02 5.499267578125000000e-02 2.629394531250000000e-01 -1.499938964843750000e-02 2.500000000000000000e-01 5.801391601562500000e-02 9.399414062500000000e-02 -3.799438476562500000e-02 1.200103759765625000e-02 -3.698730468750000000e-02 1.340332031250000000e-01 -2.699279785156250000e-02 -3.298950195312500000e-02 -3.298950195312500000e-02 1.989746093750000000e-01 2.359619140625000000e-01 1.290283203125000000e-01 -2.699279785156250000e-02 -4.299926757812500000e-02 9.802246093750000000e-02 5.599975585937500000e-02 -1.200103759765625000e-02 5.999755859375000000e-02 -5.899047851562500000e-02 1.030273437500000000e-01 -2.000427246093750000e-02 -2.299499511718750000e-02 -1.000404357910156250e-03 1.779785156250000000e-01 9.802246093750000000e-02 1.269531250000000000e-01 -4.199218750000000000e-02 7.501220703125000000e-02 4.501342773437500000e-02 -5.200195312500000000e-02 6.896972656250000000e-02 7.098388671875000000e-02 2.999877929687500000e-02 4.998779296875000000e-02 1.090087890625000000e-01 3.799438476562500000e-02 -2.000427246093750000e-02 -4.000854492187500000e-02 1.479492187500000000e-01 4.901123046875000000e-02 1.399993896484375000e-02 5.899047851562500000e-02 3.698730468750000000e-02 1.209716796875000000e-01 1.529541015625000000e-01 4.000854492187500000e-02 -3.500366210937500000e-02 5.599975585937500000e-02 7.598876953125000000e-02 8.398437500000000000e-02 -3.698730468750000000e-02 4.998779296875000000e-02 2.189941406250000000e-01 -6.100463867187500000e-02 6.402587890625000000e-02 -2.499389648437500000e-02 -2.999877929687500000e-02 1.319580078125000000e-01 -2.699279785156250000e-02 5.099487304687500000e-02 -3.799438476562500000e-02 5.899047851562500000e-02 -5.499267578125000000e-02 -5.200195312500000000e-02 1.160278320312500000e-01 1.600341796875000000e-01
5.999755859375000000e-02 7.397460937500000000e-02 3.399658203125000000e-02 3.620605468750000000e-01 4.570312500000000000e-01 4.598999023437500000e-02 9.100341796875000000e-02 1.000000000000000000e+00 1.330566406250000000e-01 2.110595703125000000e-01 1.889648437500000000e-01 2.519531250000000000e-01 3.081054687500000000e-01 1.479492187500000000e-01 -4.199218750000000000e-02 5.001068115234375000e-03 1.330566406250000000e-01 -6.701660156250000000e-02 -2.699279785156250000e-02 -1.200103759765625000e-02 -9.002685546875000000e-03 1.040039062500000000e-01 6.000518798828125000e-03 3.510742187500000000e-01 2.449951171875000000e-01 1.409912109375000000e-01 3.549804687500000000e-01 1.810302734375000000e-01 -6.402587890625000000e-02 9.899902343750000000e-02 8.001708984375000000e-02 1.229858398437500000e-01 9.197998046875000000e-02 8.599853515625000000e-02 -5.499267578125000000e-02 2.469482421875000000e-01 6.597900390625000000e-02 1.409912109375000000e-01 9.497070312500000000e-02 2.049560546875000000e-01 -4.598999023437500000e-02 -1.110229492187500000e-01 -4.699707031250000000e-02 1.600646972656250000e-02 9.997558593750000000e-02 2.039794921875000000e-01 -3.799438476562500000e-02 1.229858398437500000e-01 2.099609375000000000e-01 6.896972656250000000e-02 2.080078125000000000e-01 2.380371093750000000e-01 8.300781250000000000e-02 2.780761718750000000e-01 1.469726562500000000e-01 1.079711914062500000e-01 1.669921875000000000e-01 5.001068115234375000e-03 2.039794921875000000e-01 1.129760742187500000e-01 -4.400634765625000000e-02 1.099853515625000000e-01 7.897949218750000000e-02 8.898925781250000000e-02 1.820068359375000000e-01 1.719970703125000000e-01 1.600341796875000000e-01 1.269531250000000000e-01 4.299926757812500000e-02 7.702636718750000000e-02 7.000732421875000000e-02 2.900695800781250000e-02 6.701660156250000000e-02 1.019897460937500000e-01 -4.598999023437500000e-02 1.280517578125000000e-01 1.529541015625000000e-01 1.970214843750000000e-01 1.309814453125000000e-01 5.599975585937500000e-02 1.369628906250000000e-01 6.799316406250000000e-02 1.160278320312500000e-01 1.789550781250000000e-01 1.000404357910156250e-03 8.398437500000000000e-02 1.399993896484375000e-02 4.699707031250000000e-02 2.729492187500000000e-01 8.599853515625000000e-02 1.619873046875000000e-01 1.129760742187500000e-01 1.650390625000000000e-01 1.319580078125000000e-01 5.801391601562500000e-02 1.939697265625000000e-01 1.000404357910156250e-03 5.200195312500000000e-02 1.300048828125000000e-01 3.298950195312500000e-02
1.300048828125000000e-01 1.359863281250000000e-01 6.701660156250000000e-02 9.698486328125000000e-02 1.429443359375000000e-01 -3.000259399414062500e-03 7.000732421875000000e-02 1.330566406250000000e-01 1.000000000000000000e+00 9.600830078125000000e-02 1.929931640625000000e-01 1.800537109375000000e-02 6.500244140625000000e-02 2.910156250000000000e-01 2.000808715820312500e-03 3.900146484375000000e-02 9.802246093750000000e-02 1.600646972656250000e-02 2.799987792968750000e-02 5.999755859375000000e-02 4.699707031250000000e-02 4.550781250000000000e-01 4.901123046875000000e-02 1.300048828125000000e-01 5.499267578125000000e-02 1.300048828125000000e-01 1.019897460937500000e-01 1.569824218750000000e-01 2.099609375000000000e-02 1.170043945312500000e-01 1.200103759765625000e-02 8.398437500000000000e-02 1.140136718750000000e-01 1.550292968750000000e-01 -1.800537109375000000e-02 7.000732421875000000e-02 9.899902343750000000e-02 8.197021484375000000e-02 1.030273437500000000e-01 1.899719238281250000e-02 3.799438476562500000e-02 -6.701660156250000000e-02 2.400207519531250000e-02 4.800415039062500000e-02 1.010131835937500000e-01 6.500244140625000000e-02 2.099609375000000000e-02 1.049804687500000000e-01 4.000854492187500000e-02 5.001068115234375000e-03 6.201171875000000000e-02 2.699279785156250000e-02 6.402587890625000000e-02 9.002685546875000000e-03 8.300781250000000000e-02 1.529541015625000000e-01 -3.000259399414062500e-03 6.100463867187500000e-02 5.200195312500000000e-02 1.060180664062500000e-01 2.299499511718750000e-02 5.398559570312500000e-02 1.200103759765625000e-02 1.110229492187500000e-01 8.697509765625000000e-02 4.998779296875000000e-02 8.697509765625000000e-02 4.199218750000000000e-02 1.700439453125000000e-01 -3.399658203125000000e-02 2.039794921875000000e-01 -4.199218750000000000e-02 6.201171875000000000e-02 -1.300048828125000000e-02 9.002685546875000000e-03 2.900695800781250000e-02 2.200317382812500000e-02 5.398559570312500000e-02 8.398437500000000000e-02 1.369628906250000000e-01 5.599975585937500000e-02 1.000213623046875000e-02 1.110229492187500000e-01 4.000854492187500000e-02 4.299926757812500000e-02 5.899047851562500000e-02 8.599853515625000000e-02 9.197998046875000000e-02 9.197998046875000000e-02 9.802246093750000000e-02 5.200195312500000000e-02 -8.003234863281250000e-03 6.402587890625000000e-02 2.699279785156250000e-02 2.099609375000000000e-02 -2.299499511718750000e-02 2.049560546875000000e-01 8.197021484375000000e-02 3.698730468750000000e-02 3.500366210937500000e-02
1.019897460937500000e-01 1.429443359375000000e-01 1.359863281250000000e-01 2.509765625000000000e-01 2.900390625000000000e-01 9.197998046875000000e-02 5.599975585937500000e-02 2.110595703125000000e-01 9.600830078125000000e-02 1.000000000000000000e+00 1.319580078125000000e-01 6.799316406250000000e-02 7.897949218750000000e-02 1.280517578125000000e-01 -1.100158691406250000e-02 9.698486328125000000e-02 1.079711914062500000e-01 -2.000808715820312500e-03 8.502197265625000000e-02 7.397460937500000000e-02 8.099365234375000000e-02 5.700683593750000000e-02 8.001708984375000000e-02 1.429443359375000000e-01 2.259521484375000000e-01 1.719970703125000000e-01 2.170410156250000000e-01 2.259521484375000000e-01 4.299926757812500000e-02 7.202148437500000000e-02 2.299499511718750000e-02 1.140136718750000000e-01 1.750488281250000000e-01 3.900146484375000000e-02 -8.003234863281250000e-03 4.680175781250000000e-01 1.540527343750000000e-01 5.300903320312500000e-02 8.300781250000000000e-02 6.201171875000000000e-02 3.601074218750000000e-02 -2.400207519531250000e-02 4.098510742187500000e-02 1.800537109375000000e-02 3.500366210937500000e-02 5.999755859375000000e-02 3.601074218750000000e-02 1.269531250000000000e-01 2.159423828125000000e-01 1.390380859375000000e-01 9.002685546875000000e-02 3.239746093750000000e-01 8.801269531250000000e-02 2.600097656250000000e-02 2.060546875000000000e-01 8.300781250000000000e-02 2.600097656250000000e-02 0.000000000000000000e+00 1.560058593750000000e-01 1.399993896484375000e-02 4.501342773437500000e-02 3.969726562500000000e-01 2.799987792968750000e-02 1.199951171875000000e-01 1.440429687500000000e-01 1.419677734375000000e-01 1.800537109375000000e-02 2.170410156250000000e-01 -2.499389648437500000e-02 4.199218750000000000e-02 -8.003234863281250000e-03 2.000427246093750000e-02 1.140136718750000000e-01 4.000854492187500000e-02 1.399993896484375000e-02 2.159423828125000000e-01 1.129760742187500000e-01 1.500244140625000000e-01 1.300048828125000000e-01 5.599975585937500000e-02 1.340332031250000000e-01 5.899047851562500000e-02 1.250000000000000000e-01 -1.000213623046875000e-02 1.049804687500000000e-01 1.319580078125000000e-01 -2.000427246093750000e-02 5.700683593750000000e-02 4.998779296875000000e-02 1.049804687500000000e-01 7.397460937500000000e-02 8.300781250000000000e-02 1.160278320312500000e-01 1.750488281250000000e-01 1.099853515625000000e-01 1.269531250000000000e-01 -3.000259399414062500e-03 3.601074218750000000e-02 1.379394531250000000e-01 -1.499938964843750000e-02
1.229858398437500000e-01 5.700683593750000000e-02 2.699279785156250000e-02 2.629394531250000000e-01 1.829833984375000000e-01 1.390380859375000000e-01 -2.200317382812500000e-02 1.889648437500000000e-01 1.929931640625000000e-01 1.319580078125000000e-01 1.000000000000000000e+00 5.398559570312500000e-02 7.702636718750000000e-02 2.758789062500000000e-01 -1.899719238281250000e-02 -3.799438476562500000e-02 2.400207519531250000e-02 -1.600646972656250000e-02 -4.098510742187500000e-02 -4.998779296875000000e-02 -4.501342773437500000e-02 7.897949218750000000e-02 -2.499389648437500000e-02 1.450195312500000000e-01 6.402587890625000000e-02 3.610839843750000000e-01 1.789550781250000000e-01 3.579101562500000000e-01 4.001617431640625000e-03 1.569824218750000000e-01 4.501342773437500000e-02 4.800415039062500000e-02 3.378906250000000000e-01 9.600830078125000000e-02 -4.699707031250000000e-02 1.280517578125000000e-01 1.190185546875000000e-01 2.259521484375000000e-01 2.590332031250000000e-01 4.800415039062500000e-02 -4.098510742187500000e-02 -1.019897460937500000e-01 -2.400207519531250000e-02 1.300048828125000000e-02 1.000213623046875000e-02 5.300903320312500000e-02 -1.899719238281250000e-02 3.349609375000000000e-01 5.398559570312500000e-02 4.800415039062500000e-02 2.349853515625000000e-01 1.479492187500000000e-01 2.770996093750000000e-01 6.500244140625000000e-02 2.189941406250000000e-01 5.439453125000000000e-01 9.698486328125000000e-02 -5.899047851562500000e-02 -8.003234863281250000e-03 6.701660156250000000e-02 -4.001617431640625000e-03 7.897949218750000000e-02 1.300048828125000000e-02 9.399414062500000000e-02 -0.000000000000000000e+00 1.019897460937500000e-01 1.560058593750000000e-01 7.202148437500000000e-02 1.600646972656250000e-02 6.000518798828125000e-03 1.049804687500000000e-01 1.300048828125000000e-02 5.001068115234375000e-03 -3.000259399414062500e-03 -4.800415039062500000e-02 7.202148437500000000e-02 3.601074218750000000e-02 1.800537109375000000e-02 2.499389648437500000e-02 1.300048828125000000e-01 2.871093750000000000e-01 1.600646972656250000e-02 5.300903320312500000e-02 1.610107421875000000e-01 5.001068115234375000e-03 7.598876953125000000e-02 1.000404357910156250e-03 2.661132812500000000e-01 8.801269531250000000e-02 2.070312500000000000e-01 2.349853515625000000e-01 2.799987792968750000e-02 2.929687500000000000e-01 1.569824218750000000e-01 5.099487304687500000e-02 8.398437500000000000e-02 1.469726562500000000e-01 1.839599609375000000e-01 -1.499938964843750000e-02 -1.000213623046875000e-02
-1.000404357910156250e-03 7.397460937500000000e-02 -9.997558593750000000e-02 1.750488281250000000e-01 2.609863281250000000e-01 -6.500244140625000000e-02 1.810302734375000000e-01 2.519531250000000000e-01 1.800537109375000000e-02 6.799316406250000000e-02 5.398559570312500000e-02 1.000000000000000000e+00 4.289550781250000000e-01 5.599975585937500000e-02 -3.201293945312500000e-02 6.896972656250000000e-02 1.409912109375000000e-01 -4.998779296875000000e-02 6.999969482421875000e-03 4.598999023437500000e-02 2.999877929687500000e-02 1.019897460937500000e-01 2.999877929687500000e-02 2.249755859375000000e-01 1.610107421875000000e-01 -4.098510742187500000e-02 2.729492187500000000e-01 4.598999023437500000e-02 -1.060180664062500000e-01 1.610107421875000000e-01 7.000732421875000000e-02 9.100341796875000000e-02 2.799987792968750000e-02 1.500244140625000000e-01 -5.700683593750000000e-02 8.300781250000000000e-02 -1.000404357910156250e-03 1.390380859375000000e-01 4.901123046875000000e-02 3.320312500000000000e-01 -8.898925781250000000e-02 -1.379394531250000000e-01 -8.197021484375000000e-02 1.000404357910156250e-03 1.850585937500000000e-01 4.189453125000000000e-01 -7.397460937500000000e-02 -1.200103759765625000e-02 1.889648437500000000e-01 4.800415039062500000e-02 1.350097656250000000e-01 1.060180664062500000e-01 -4.001617431640625000e-03 2.600097656250000000e-01 5.001068115234375000e-03 3.500366210937500000e-02 6.201171875000000000e-02 1.850585937500000000e-01 1.619873046875000000e-01 7.800292968750000000e-02 -7.702636718750000000e-02 3.201293945312500000e-02 1.600646972656250000e-02 -2.699279785156250000e-02 1.369628906250000000e-01 1.860351562500000000e-01 1.040039062500000000e-01 7.897949218750000000e-02 8.300781250000000000e-02 5.801391601562500000e-02 -2.000427246093750000e-02 -5.899047851562500000e-02 3.698730468750000000e-02 3.100585937500000000e-02 -7.800292968750000000e-02 6.201171875000000000e-02 1.810302734375000000e-01 1.899414062500000000e-01 1.209716796875000000e-01 9.002685546875000000e-02 3.298950195312500000e-02 7.702636718750000000e-02 1.629638671875000000e-01 1.889648437500000000e-01 -7.000732421875000000e-02 6.896972656250000000e-02 1.019897460937500000e-01 -4.000854492187500000e-02 2.440185546875000000e-01 2.099609375000000000e-02 4.000854492187500000e-02 7.897949218750000000e-02 2.499389648437500000e-02 1.650390625000000000e-01 -1.300048828125000000e-02 1.829833984375000000e-01 -1.899719238281250000e-02 4.299926757812500000e-02 1.569824218750000000e-01 2.060546875000000000e-01
3.298950195312500000e-02 5.999755859375000000e-02 -5.200195312500000000e-02 2.080078125000000000e-01 2.749023437500000000e-01 -8.003234863281250000e-03 1.450195312500000000e-01 3.081054687500000000e-01 6.500244140625000000e-02 7.897949218750000000e-02 7.702636718750000000e-02 4.289550781250000000e-01 1.000000000000000000e+00 7.800292968750000000e-02 -4.598999023437500000e-02 2.600097656250000000e-02 1.179809570312500000e-01 -5.499267578125000000e-02 5.001068115234375000e-03 1.399993896484375000e-02 1.600646972656250000e-02 1.090087890625000000e-01 1.800537109375000000e-02 2.810058593750000000e-01 2.120361328125000000e-01 -4.001617431640625000e-03 2.858886718750000000e-01 1.160278320312500000e-01 -1.259765625000000000e-01 1.069946289062500000e-01 4.699707031250000000e-02 1.689453125000000000e-01 4.501342773437500000e-02 1.280517578125000000e-01 -6.701660156250000000e-02 1.140136718750000000e-01 -3.298950195312500000e-02 1.160278320312500000e-01 2.900695800781250000e-02 3.000488281250000000e-01 -5.700683593750000000e-02 -1.450195312500000000e-01 -5.999755859375000000e-02 2.099609375000000000e-02 1.719970703125000000e-01 3.330078125000000000e-01 -4.901123046875000000e-02 1.699829101562500000e-02 1.789550781250000000e-01 9.899902343750000000e-02 1.440429687500000000e-01 1.220092773437500000e-01 2.099609375000000000e-02 2.519531250000000000e-01 8.599853515625000000e-02 1.800537109375000000e-02 2.900695800781250000e-02 1.110229492187500000e-01 1.889648437500000000e-01 1.090087890625000000e-01 -6.896972656250000000e-02 5.599975585937500000e-02 5.398559570312500000e-02 5.001068115234375000e-03 1.170043945312500000e-01 1.619873046875000000e-01 9.399414062500000000e-02 8.502197265625000000e-02 1.049804687500000000e-01 7.897949218750000000e-02 3.000259399414062500e-03 -2.299499511718750000e-02 8.197021484375000000e-02 5.599975585937500000e-02 -5.899047851562500000e-02 7.897949218750000000e-02 1.729736328125000000e-01 1.899414062500000000e-01 1.030273437500000000e-01 7.800292968750000000e-02 6.597900390625000000e-02 5.300903320312500000e-02 1.149902343750000000e-01 1.569824218750000000e-01 -6.100463867187500000e-02 1.010131835937500000e-01 7.702636718750000000e-02 -1.800537109375000000e-02 2.690429687500000000e-01 4.001617431640625000e-03 1.069946289062500000e-01 1.060180664062500000e-01 7.202148437500000000e-02 1.750488281250000000e-01 1.200103759765625000e-02 1.650390625000000000e-01 4.000854492187500000e-02 5.599975585937500000e-02 1.369628906250000000e-01 1.199951171875000000e-01
1.140136718750000000e-01 7.000732421875000000e-02 8.300781250000000000e-02 1.899414062500000000e-01 1.229858398437500000e-01 1.300048828125000000e-02 3.201293945312500000e-02 1.479492187500000000e-01 2.910156250000000000e-01 1.280517578125000000e-01 2.758789062500000000e-01 5.599975585937500000e-02 7.800292968750000000e-02 1.000000000000000000e+00 -1.399993896484375000e-02 -2.499389648437500000e-02 1.030273437500000000e-01 -9.002685546875000000e-03 -4.800415039062500000e-02 -4.098510742187500000e-02 -3.298950195312500000e-02 9.301757812500000000e-02 -2.400207519531250000e-02 8.801269531250000000e-02 5.300903320312500000e-02 1.910400390625000000e-01 1.129760742187500000e-01 2.890625000000000000e-01 2.699279785156250000e-02 9.997558593750000000e-02 8.003234863281250000e-03 6.799316406250000000e-02 2.099609375000000000e-01 1.300048828125000000e-01 -5.398559570312500000e-02 9.497070312500000000e-02 1.019897460937500000e-01 1.119995117187500000e-01 1.979980468750000000e-01 7.299804687500000000e-02 -4.199218750000000000e-02 -3.799438476562500000e-02 -4.501342773437500000e-02 2.200317382812500000e-02 9.399414062500000000e-02 3.698730468750000000e-02 -2.999877929687500000e-02 1.999511718750000000e-01 3.399658203125000000e-02 6.298828125000000000e-02 1.479492187500000000e-01 1.319580078125000000e-01 1.459960937500000000e-01 5.499267578125000000e-02 1.629638671875000000e-01 1.760253906250000000e-01 -3.399658203125000000e-02 -1.800537109375000000e-02 1.499938964843750000e-02 1.450195312500000000e-01 1.100158691406250000e-02 8.599853515625000000e-02 -3.298950195312500000e-02 1.350097656250000000e-01 3.100585937500000000e-02 8.001708984375000000e-02 8.801269531250000000e-02 3.601074218750000000e-02 1.110229492187500000e-01 4.800415039062500000e-02 2.070312500000000000e-01 -7.202148437500000000e-02 3.399658203125000000e-02 1.000213623046875000e-02 -2.699279785156250000e-02 1.699829101562500000e-02 6.500244140625000000e-02 3.601074218750000000e-02 8.502197265625000000e-02 4.409179687500000000e-01 1.960449218750000000e-01 2.600097656250000000e-02 8.502197265625000000e-02 1.220092773437500000e-01 5.599975585937500000e-02 5.999755859375000000e-02 3.399658203125000000e-02 1.989746093750000000e-01 1.330566406250000000e-01 7.598876953125000000e-02 2.070312500000000000e-01 2.999877929687500000e-02 1.629638671875000000e-01 1.190185546875000000e-01 -1.000404357910156250e-03 3.500366210937500000e-02 2.039794921875000000e-01 1.479492187500000000e-01 1.600646972656250000e-02 3.100585937500000000e-02
3.889160156250000000e-01 1.269531250000000000e-01 1.350097656250000000e-01 -1.800537109375000000e-02 -2.400207519531250000e-02 1.350097656250000000e-01 4.598999023437500000e-02 -4.199218750000000000e-02 2.000808715820312500e-03 -1.100158691406250000e-02 -1.899719238281250000e-02 -3.201293945312500000e-02 -4.598999023437500000e-02 -1.399993896484375000e-02 1.000000000000000000e+00 2.980957031250000000e-01 -4.501342773437500000e-02 8.320312500000000000e-01 3.300781250000000000e-01 3.149414062500000000e-01 3.349609375000000000e-01 9.997558593750000000e-02 3.210449218750000000e-01 -1.499938964843750000e-02 -8.003234863281250000e-03 4.501342773437500000e-02 -2.900695800781250000e-02 -6.896972656250000000e-02 1.090087890625000000e-01 -6.000518798828125000e-03 9.497070312500000000e-02 1.699829101562500000e-02 -1.000404357910156250e-03 3.399658203125000000e-02 1.519775390625000000e-01 -4.098510742187500000e-02 8.003234863281250000e-03 4.998779296875000000e-02 3.698730468750000000e-02 -1.399993896484375000e-02 2.770996093750000000e-01 1.700439453125000000e-01 2.871093750000000000e-01 2.699279785156250000e-02 -6.100463867187500000e-02 -4.098510742187500000e-02 2.719726562500000000e-01 -8.003234863281250000e-03 -1.399993896484375000e-02 -1.800537109375000000e-02 -5.200195312500000000e-02 -5.599975585937500000e-02 1.899719238281250000e-02 -8.898925781250000000e-02 -9.899902343750000000e-02 -2.099609375000000000e-02 9.802246093750000000e-02 1.019897460937500000e-01 -8.300781250000000000e-02 -5.801391601562500000e-02 1.309814453125000000e-01 -1.200103759765625000e-02 3.799438476562500000e-02 -1.000213623046875000e-02 -4.299926757812500000e-02 -6.701660156250000000e-02 -7.501220703125000000e-02 -5.999755859375000000e-02 -3.399658203125000000e-02 3.201293945312500000e-02 -8.003234863281250000e-03 1.309814453125000000e-01 -4.199218750000000000e-02 7.299804687500000000e-02 2.810058593750000000e-01 -3.601074218750000000e-02 -6.701660156250000000e-02 -8.599853515625000000e-02 -4.699707031250000000e-02 5.599975585937500000e-02 -6.402587890625000000e-02 1.800537109375000000e-02 -7.000732421875000000e-02 -5.300903320312500000e-02 8.398437500000000000e-02 -5.499267578125000000e-02 1.459960937500000000e-01 -2.600097656250000000e-02 -8.697509765625000000e-02 -6.402587890625000000e-02 -4.598999023437500000e-02 1.000404357910156250e-03 -4.901123046875000000e-02 -4.400634765625000000e-02 1.600646972656250000e-02 -8.099365234375000000e-02 -3.000259399414062500e-03 4.299926757812500000e-02 -3.500366210937500000e-02 1.100158691406250000e-02
