1.999999999999921174e+00 9.121610189955432074e-03 4.402716321658773496e-03 7.058294936144092480e-03 4.748018407115122547e-03 8.669932707743119304e-03 4.113740950201617320e-03 7.354282059888142369e-03 3.392761129320671139e-03 4.632620152892201124e-03 4.948858509640978280e-03 1.199988827332544583e-02 7.473255832836747312e-03 6.020745942910967277e-03 8.250310879848844481e-01 3.972507599676132657e-03 5.923432994423225365e-03 8.147771728381100198e-01 9.353613019378674218e-03 7.794325447774166221e-03 1.032832611226944253e-02 4.637516931629066808e-03 8.003177243918782949e-03 8.504260117078615497e-03 7.464140244924098548e-03 5.213640723190559809e-03 4.563570629346635002e-03 1.496749724228646321e-02 6.898965640090458894e-03 5.313865928798115756e-03 1.592417759906105540e-02 3.904847300267953649e-03 1.393271885627500074e-02 1.464142382083577151e-02 5.035671403850816748e-03 7.919707254927365464e-03 7.104208498447202660e-03 1.114801316186135247e-02 7.809389539822369879e-03 7.658689610652674035e-03 6.174582669088262733e-03 7.179047620225979982e-03 8.101953162709797304e-03 7.818793288711005721e-03 6.985202441568258772e-03 1.670375123745939175e-02 6.042412703072778425e-03 1.046998133576855332e-02 5.726208048884246470e-03 7.043884668561212724e-03 5.234173516257527997e-03 7.575221720616883044e-03 7.045001524232932626e-03 1.040812040574615530e-02 8.535402121936106271e-03 3.805058789811581205e-03 7.552417936832890415e-03 1.132310518547616045e-02 2.101595573131248909e-02 5.405893734348104183e-03 1.274381708987924744e-02 8.099088840419398083e-03 6.516324777327092005e-03 7.317812852824070839e-03 1.179361319271061102e-02 5.006981438571394237e-03 4.224123020040544511e-03 9.639134215973017838e-03 5.742508535938706075e-03 1.083056804406884802e-02 8.210639089861556175e-03 6.244001685892207505e-03 9.241824068524449182e-03 3.804575442616058532e-03 9.245916640279310331e-03 9.116011806684878871e-03 2.161665735359293537e-03 7.811415280131502568e-03 6.854890465766270806e-03 8.053452360145253036e-03 4.653163335221903278e-03 2.766177159260439344e-03 9.712327223463402062e-03 1.651591872154083152e-02 7.228322427414385701e-03 1.108722915761362580e-02 1.253953271425855935e-02 1.020779776905046850e-02 7.217342487572523876e-03 3.680535741111860219e-03 2.027019022487911229e-02 1.077182638385168305e-02 7.139060703715076686e-03 6.895745090008240444e-03 1.311769805556357339e-02 5.862393968015237877e-03 5.975282333434622957e-03 9.226086326377169744e-03 5.776423924515080091e-03 1.329320649734768572e-02
9.121610189955432074e-03 1.999999999999584777e+00 1.153085577190689735e-02 9.924691294074337172e-03 1.165031834978204686e-02 9.921200258944782094e-03 1.607019508687958578e-02 1.805847098634350695e-02 7.471748834895299875e-03 6.388944060286693739e-03 8.290294993273213814e-03 1.280888101172151031e-02 9.529604422448897591e-03 1.241982564992308476e-02 8.513134767128673411e-03 8.618459788017397427e-01 1.211559876244780454e-02 9.098586670639504520e-03 9.114191395942854435e-01 7.767646005732690151e-01 8.255067159226786577e-01 1.608706860834238292e-02 7.493577062546251666e-01 1.809646702076770156e-02 5.860832007764831160e-03 7.290722559793816684e-03 1.039239207534064721e-02 7.332274807641436104e-03 9.213606077689093926e-03 1.111296551349984403e-02 8.850195472081998430e-03 3.821356050789135456e-02 1.361230900666652970e-02 2.352640052659106876e-02 2.183153766644019625e-02 1.508737048301436040e-02 1.522228315542881530e-02 6.872681805042793121e-03 1.433082302584724743e-02 1.822413169895375010e-02 1.099267544897384458e-02 1.364712264175153844e-02 7.427522430551189089e-03 2.692135400784396310e-02 6.462629163643328171e-03 1.450863284592003068e-02 1.024880839501950656e-02 1.931536750649853057e-02 1.471779533889648432e-02 7.231973012990494144e-03 1.674853832355102309e-02 1.167684234628162121e-02 1.129506787567196267e-02 4.530441067310509232e-03 1.321950179547702088e-02 9.139229300896500874e-03 1.196877218189146622e-02 1.245990029041262916e-02 2.032302911924797548e-02 1.371117369704722214e-02 1.363761374360123943e-02 9.040575348715719842e-03 8.545934967803614848e-03 1.101514243136777864e-02 1.107442124043984087e-02 9.339425763738765096e-03 5.192094036716347373e-03 1.276849770703426465e-02 1.336955353612902415e-02 1.411753109652367361e-02 4.635753912633636814e-02 1.284600811075531368e-02 9.900583978300970742e-03 8.638943772021888748e-03 1.540497554010092016e-02 1.141392298652432920e-02 3.889591156242123808e-03 1.068673822449160184e-02 1.313573317750212077e-02 1.391742071203491346e-02 7.850445178683081518e-03 3.761818677124151994e-03 1.413024350604944780e-02 1.571350403333865789e-02 1.385986402470003320e-02 1.201708445126911835e-02 1.727239844186270051e-02 1.307054223635168572e-02 4.742252454982720522e-03 1.293418706077716605e-02 1.327662184940715286e-02 1.310153470932922011e-02 1.051621832630415115e-02 1.557135268760908783e-02 1.534130268924359386e-02 1.158838063954769140e-02 1.238396723701694346e-02 1.575787104410252340e-02 9.092323283900480627e-03 1.208042886299175514e-02
4.402716321658773496e-03 1.153085577190689735e-02 1.999999999999952704e+00 4.844903765324135893e-03 1.026672295321645438e-02 1.825610464460091648e-02 5.708865398919931410e-03 1.001247657985674527e-02 1.238514597204031040e-03 5.512645107547810980e-03 4.581274706099242207e-03 5.136330348159983197e-03 1.545805514543324537e-02 5.374440447964533817e-03 4.199758799010464179e-03 1.602034608858950854e-02 2.201752550733296603e-03 4.472431339896990564e-03 1.603221352017952794e-02 1.551556777798636204e-02 9.771154099423430203e-03 2.469446838780658786e-03 1.052549213979425691e-02 8.238707255159485182e-03 4.505703920285070163e-03 6.398278765340071998e-03 5.050175867612083369e-03 5.474924319058292743e-03 6.562387835502093980e-03 1.268890996521847628e-02 2.994031386990077433e-03 4.379133952804226473e-03 9.053284795075526234e-03 1.050325206282928282e-02 1.322664622067165792e-02 1.789919356260911282e-02 9.800150124264567914e-03 7.198918661254842880e-03 3.284468300434233157e-02 9.404161381938301589e-03 7.593822576137414515e-01 1.408642977052081309e-02 7.249087309661988998e-01 3.768311647961489035e-03 2.579780197436674916e-03 1.063910867319499583e-02 4.995523499836052039e-01 1.436620755346188633e-02 6.378432869718844538e-03 5.850526095305647045e-03 9.314000560848153740e-03 8.812681695011901489e-03 1.031630313099278148e-02 5.179158561585515616e-03 7.595228376134712661e-03 7.985861224364489142e-03 3.295078982975267745e-02 9.407623765060170104e-03 8.954167511520333758e-03 1.168072099540711471e-02 7.139200614591229531e-03 7.768137645470635233e-02 1.022182673520423239e-02 1.050225984576230905e-02 6.139517532221677037e-03 5.595978779052433391e-03 2.125483973806934455e-03 6.072145617789625159e-03 2.644824455873286649e-03 1.687476234555209884e-02 8.538938099702977902e-03 1.063833198486019080e-02 6.211037436777745030e-03 6.058556388940140175e-03 4.716620070604075898e-03 4.170320996778788779e-03 2.797638446175635361e-03 2.929288962733115828e-02 2.511617368297028655e-02 7.443209046035534869e-03 8.475720152199474333e-03 5.955337152370003551e-03 6.705022627208510541e-03 8.126093641812454776e-03 1.201396328690536829e-02 8.086851364819971910e-03 6.888096396367948682e-03 8.894275680167472789e-03 3.279319343305375171e-03 3.744561264741089711e-04 1.206698827989319094e-02 1.543116174978472789e-02 9.740717628514999893e-03 1.293870932371302997e-02 1.024579673912270374e-02 1.037445760084274894e-02 6.449036690018554452e-03 6.679701260288069438e-03 5.512664929785037610e-03 5.858670529864641596e-03
7.058294936144092480e-03 9.924691294074337172e-03 4.844903765324135893e-03 1.999999999999939826e+00 7.524382656679141912e-02 8.271507487817656920e-03 7.527372882942078881e-03 1.320685941725399659e-02 2.807131732554696193e-03 4.677903904707388615e-03 7.317527993142621846e-03 9.390379997398366069e-03 6.620761687858285269e-03 1.014888352271469708e-02 4.729568162458111166e-03 9.737503971504933575e-03 9.746275845759540951e-03 1.051717152623168547e-02 1.182329912482337625e-02 1.817512208444248267e-02 1.005318246521490211e-02 6.533942999402524328e-03 6.387687447275371654e-03 1.189067423923407391e-02 6.787648363463719484e-03 8.008825701904908126e-03 1.083748257856531616e-02 6.637197076580767831e-03 7.949492130374725615e-03 6.636720366213244224e-03 1.586664685912883219e-02 1.650993543475239370e-02 1.039182787073888829e-02 1.747143339185158739e-02 8.219519685598719941e-03 1.060585017701300321e-02 1.547962949582378997e-02 6.611773946213532482e-03 1.153968301486549969e-02 8.697085950334131066e-03 3.866595382507850495e-03 1.517549736731116546e-02 4.838159828395799736e-03 7.535612073774649276e-03 3.769734907451250706e-03 1.834161487981200364e-02 6.262309312785532475e-03 1.651784210650645082e-02 4.835624061753274888e-02 6.068137917035292678e-03 1.371327792911222407e-02 9.005090901202298867e-03 1.397542067622711479e-02 3.762114696125058635e-03 1.617639297052477637e-02 1.063075209019613381e-02 6.932618446472433443e-03 6.193669102021322551e-03 1.152425616862368281e-02 9.604126374056515952e-03 7.537268088853466864e-03 5.946932490309801700e-03 3.422869377191336410e-02 6.629153139135679149e-03 8.184041817929173582e-03 9.587363041148658921e-03 3.232816855223365551e-03 1.299054715867770972e-02 7.787163226167807296e-03 1.723701972217603351e-02 2.358601325107147206e-02 1.113799142887304285e-02 6.761747621882033960e-03 2.454994981185247560e-02 1.159366742370531410e-02 1.475657047399372285e-02 4.515483298459707293e-03 9.675273086060866626e-03 7.354122691416474684e-03 1.045170675360476524e-02 4.338199264877960759e-03 5.448435900509164369e-03 9.991430383446008381e-03 2.070304475618521545e-02 1.738606073699872773e-02 1.070935193216878724e-02 1.329640436796826995e-02 1.145006477656873058e-02 7.406423319813439272e-03 2.638178049186386438e-03 1.469926175645892320e-02 1.479708370894331979e-02 7.952596292549223705e-03 9.403495380342050819e-03 1.563579243537885355e-02 7.984113218844610116e-03 8.351433761842282089e-03 1.173487911249468559e-02 7.110534064290170361e-03 8.319020425909900984e-03
4.748018407115122547e-03 1.165031834978204686e-02 1.026672295321645438e-02 7.524382656679141912e-02 1.999999999999951372e+00 9.197208507947668421e-03 4.181098943273064972e-03 1.587598332382866156e-02 4.783494076797815617e-03 1.198172633887917456e-02 7.278670549236980654e-03 1.842137538272224651e-02 6.853608523649985101e-03 7.657271687128247746e-03 4.399985714922513037e-03 8.370825427087233775e-03 1.292512388370211686e-02 8.146133391093688531e-03 8.088845132992647166e-03 3.460295893239539317e-02 1.332613039318373931e-02 7.397560538007549175e-03 5.406155210879450349e-03 9.135325975311275881e-03 7.965105326199106023e-03 9.102538567506578485e-03 1.196211629597294067e-02 8.835492791356881412e-03 9.019964238455283403e-03 6.404908241309609403e-03 4.586489664642202403e-03 1.242495083872573354e-02 1.173944091555432015e-02 1.229339374011658922e-02 1.194028765266139276e-02 1.571948429927080837e-02 1.557703474753424633e-02 6.520094473541927609e-03 1.239326068096889728e-02 1.274407740325262349e-02 6.268550648037616094e-03 7.718728276275834896e-03 4.138545081881724909e-03 1.188436584039333221e-02 7.352771358549147103e-03 1.543942961562775294e-02 6.971387317490180743e-03 1.207226919292321565e-02 6.016913108809888999e-02 8.798397646081153323e-03 1.604498171280375682e-02 1.122258789568065206e-02 9.256727999592357856e-03 8.024195541316876332e-03 1.816786572228145866e-02 9.607822665850453137e-03 1.108199588800359674e-02 9.641211497403901279e-03 1.249593835635803667e-02 9.005137849340878742e-03 7.027638220042833894e-03 1.196344767817575719e-02 8.920915963896079021e-03 1.363416901905911346e-02 7.988767508570047970e-03 9.839228139624154462e-03 4.749799166850613916e-03 1.128795157643482441e-02 7.054290788380448117e-03 1.037603674074089911e-02 7.057494406615310092e-03 1.635087469760193590e-02 8.311258325453181953e-03 7.337538330973140607e-03 1.136376495751911103e-02 1.091493758355930287e-02 6.024990142270056012e-03 1.137976865512232982e-02 7.052827560009380242e-03 8.921855145974344828e-03 4.265187759455767516e-03 5.966436197771330004e-03 1.215185289467961109e-02 7.371869685185631835e-03 1.206266791855866230e-02 1.064977530311088903e-02 1.219277860531194600e-02 1.465578540427795416e-02 3.874504292876289162e-03 1.928065911159994534e-03 1.930127004596399534e-02 7.148247652682555506e-03 1.386655835791598609e-02 8.105581963776865850e-02 1.281375217987672580e-02 1.372322774404300186e-02 1.110763330860882470e-02 1.403288870993249227e-01 6.825857461108687102e-03 9.579625188409933087e-03
8.669932707743119304e-03 9.921200258944782094e-03 1.825610464460091648e-02 8.271507487817656920e-03 9.197208507947668421e-03 1.999999999999990452e+00 4.459726739977908604e-03 2.187095408319441117e-02 1.277753362996510850e-02 4.293200597831208637e-03 6.517445817804003519e-03 1.341316470732704935e-02 1.617577275379497581e-02 7.101201337479893551e-03 9.353701817706425864e-03 9.889198971359465171e-03 6.531003702304109468e-03 5.517307433329167628e-03 7.535496878685376231e-03 9.025421958858938914e-03 7.936779750613940504e-03 9.830724422776118687e-03 8.666932874178318730e-03 6.246024299753392441e-03 6.256285324043514562e-03 6.034871672978676070e-03 7.126883738805822599e-03 6.278312798472526247e-03 9.771770039458853654e-03 4.663394569921324936e-03 7.884278820104844918e-03 1.796204013353748172e-02 1.697725096710147458e-02 1.133120607440484852e-02 8.950598904750708962e-03 1.390621038652498781e-02 1.882814062763298046e-02 4.914438068681394045e-03 1.592215508384038983e-02 1.019475550898236646e-02 1.769388674420929904e-03 1.241886651032117830e-02 2.666134055637298279e-03 7.057202974481592041e-03 7.943280414118363345e-03 1.077148449770728642e-02 6.034284897719290400e-03 1.033822781307619683e-02 7.388826037350589883e-03 8.863358705741184243e-03 1.489201866913158860e-02 9.110990832884444807e-03 1.674532064639523352e-02 8.563459985651375450e-03 1.253108661285347661e-02 5.632770354783453101e-03 1.131509747864399389e-02 1.634254035519197568e-02 1.275123200917922459e-02 1.050552566816443864e-02 9.616127134937230148e-03 6.604899985427694319e-03 5.119511697474078693e-03 1.345988117113233046e-02 7.054176609767976239e-03 1.563010564135471070e-02 2.124186438660156939e-03 8.969473371637183209e-03 8.800450036745489923e-03 1.316526626522391240e-02 6.216986141900849444e-03 1.257176154219228140e-02 7.724969825963485907e-03 4.350852466403906486e-03 9.495035115138134030e-03 1.308580813672110404e-02 2.493261271129411545e-03 8.149383965367837379e-03 4.591530481677160574e-02 1.718725850778834649e-02 7.256766336822899864e-03 1.180568124809065755e-03 7.852507449705115050e-03 1.348953538021527114e-02 1.005058085439061374e-02 8.641346390751840009e-03 8.420569372193455887e-03 1.053161945601406232e-02 9.801776948465904665e-03 3.577041975714905127e-03 1.462572425373358936e-02 8.944523819990200103e-03 9.894148147670745602e-03 1.487207970784570725e-02 1.618977628410675842e-02 1.056804047218093748e-02 8.370936509700726766e-03 2.095939883929235151e-02 4.463647174580021720e-03 9.909049730658914951e-03
4.113740950201617320e-03 1.607019508687958578e-02 5.708865398919931410e-03 7.527372882942078881e-03 4.181098943273064972e-03 4.459726739977908604e-03 2.000000000000026201e+00 4.546460150374597754e-03 4.488518692262015441e-03 6.139359461972900521e-03 2.564326564199745969e-03 7.852349378563229162e-03 4.146941133999642454e-03 5.078409644487883075e-03 3.334198554725217607e-03 1.276786529550925399e-02 2.290766568220553856e-01 3.316331932910095148e-03 5.906108281244270251e-03 1.113989954768145919e-02 1.207539938074203047e-02 6.409508757463371932e-03 6.050824354463551179e-03 8.135462363810077105e-03 5.595096715364381371e-03 1.860086919545525606e-03 8.167909185345397990e-03 6.132104159623587118e-03 3.142368869324342097e-03 2.263754485194246005e-02 6.760192884246065195e-03 6.014277897205161025e-03 5.695577010750720037e-03 1.693259747166013865e-02 4.239865513096447922e-03 7.269733999923276568e-03 9.871136782125013165e-03 2.314826294319528247e-03 3.515638135609484329e-03 6.457576504889686944e-03 2.598507953775231871e-03 1.092675069216575597e-02 8.391362366267855755e-03 3.571273872695779339e-02 4.128498474755651002e-03 6.189011733419231068e-03 3.649918680145328338e-03 6.588826456783771282e-03 1.147903497245068502e-02 2.430374766713430060e-03 3.811967894802673670e-03 6.096902806488165710e-03 2.771179363111008626e-03 4.987639798210966383e-03 1.274747576290944338e-02 4.438025712555479854e-03 9.084281639559184732e-04 7.899880557541802406e-03 8.689730594061906982e-03 5.622935174408583842e-03 6.796867682503491929e-03 4.282230706685743495e-03 2.790388682230549033e-02 6.352030271689766000e-03 5.957850356729306462e-03 9.984211716177028920e-03 8.664062447141837597e-03 5.693370013332541349e-03 3.953941470462207265e-03 6.408007021176366502e-03 7.506654441537865055e-03 6.881582281516086287e-03 7.858253894806901257e-03 2.897678851134819628e-03 6.235321749914139733e-03 8.072875411133138140e-03 4.042098838653284884e-03 4.205622106350817915e-03 6.012838875510134393e-03 8.085248123792493358e-03 1.753196079782752721e-03 5.386016920530528086e-03 1.164898845095023450e-02 5.673647634650518315e-03 6.223248206318716252e-03 6.791963113172517184e-03 1.804023886426417769e-02 4.558814830486758798e-03 8.185384318554074154e-03 1.459840347083245834e-03 5.708154681355930883e-03 4.200390200038131051e-03 4.609570212210457874e-03 5.786957760120952851e-03 5.731807146293942459e-03 6.278260884738184541e-03 2.504853302673227654e-03 4.796050574349727987e-03 4.945786578981124088e-03 7.314064358430310067e-03
7.354282059888142369e-03 1.805847098634350695e-02 1.001247657985674527e-02 1.320685941725399659e-02 1.587598332382866156e-02 2.187095408319441117e-02 4.546460150374597754e-03 2.000000000000171863e+00 7.275129027476782105e-03 5.222562575926715384e-02 7.592243276728185761e-03 1.423804838437239990e-02 1.141150032061415132e-02 1.225228384288083901e-02 1.045178672835505272e-02 1.598254510931668843e-02 8.882248279844037406e-03 1.409569815237602872e-02 1.301358136969462884e-02 1.452603109124693190e-02 1.766266164672451039e-02 1.113451106551534633e-02 1.235864149088946803e-02 1.081418528245242476e-02 2.956420624294512148e-02 1.129657019760716558e-02 9.859586033253733145e-03 1.216580494334539714e-02 1.438373899901966915e-02 9.308323333103097480e-03 9.750810425216877714e-03 2.203897187994349749e-02 1.616716551675034461e-02 1.866976379184379434e-02 2.399017896219178894e-02 7.845584969466726233e-02 4.859222690204161033e-02 9.281236423310445724e-03 1.978424404159865799e-02 1.724972453422548083e-02 7.126212898621626587e-03 1.300165859579800916e-02 8.907971894494522494e-03 9.054668307572906472e-03 1.032051735093504792e-02 2.340615034845901915e-02 9.409060500063773716e-03 1.506665620824091008e-02 2.092845403397057200e-02 1.181759490706484929e-02 1.838708749275335883e-02 1.771136565670429139e-02 1.126066630626759886e-02 1.033345314728332728e-02 2.306024622178827477e-02 1.128131411480975434e-02 2.078454738577728556e-02 1.095780635302399941e-02 1.680985595575177141e-02 2.670433923962916081e-02 8.333833937211425347e-03 2.167740007522822240e-02 8.092963410610002489e-03 1.651737334971960930e-02 1.450238752823042147e-02 1.724231623035087091e-02 4.133852183974816644e-03 1.812722858876893162e-02 2.450677622267569133e-02 2.219050627989000227e-02 1.294289518593228459e-02 2.520103058996323031e-02 1.365170051779570660e-02 1.520067457817165374e-02 1.538779853186209717e-02 2.000135654578295494e-02 5.626850409214306618e-03 1.287653572843893389e-02 8.891772134928746171e-03 1.695110250244328404e-02 1.256144686545333441e-02 4.504680690199873438e-03 8.066165909846064949e-03 1.539849797352499730e-02 1.965208959598273991e-02 1.309390376403160236e-02 1.284147534620119595e-02 1.071317397009549366e-01 1.111757317296006853e-02 7.707763702118851194e-03 1.931905415741738338e-02 1.660561643668412996e-02 1.301680457709262009e-02 9.721384711929043076e-03 1.495225678482910506e-02 1.509211789695766477e-02 1.078839005396131472e-02 2.335035333090668130e-02 7.990963327808292896e-03 7.073693748555168193e-03
3.392761129320671139e-03 7.471748834895299875e-03 1.238514597204031040e-03 2.807131732554696193e-03 4.783494076797815617e-03 1.277753362996510850e-02 4.488518692262015441e-03 7.275129027476782105e-03 1.999999999999924505e+00 1.952691547221020556e-03 4.320684629842205284e-03 7.584558834379064897e-03 4.319324565176257610e-03 5.983662454750791546e-03 4.996074490886466546e-03 8.093032347556594619e-03 6.421576106328079174e-03 5.859072849252779103e-03 8.184392196615665124e-03 5.951023374807074863e-03 8.745445671251267372e-03 2.736552010113577627e-01 7.430312991816918206e-03 5.832676502348376618e-03 4.563435431189278094e-03 3.041274175574754015e-03 7.041680924015816800e-03 4.473384894884976405e-03 4.332194585733084580e-03 1.148121105378211793e-03 4.739169860994874896e-03 1.384588723221775140e-02 6.444547741804749694e-03 1.663479537171491662e-02 1.066885537173753451e-02 1.473142911062637860e-02 2.905766311170667957e-03 4.699238594906946301e-03 4.452224266527127043e-03 7.258313097463022640e-03 4.954491269119713596e-03 7.331151081068568685e-03 3.238641896985885310e-03 6.853592599079998647e-03 1.203482158446575294e-02 1.253351100852108900e-02 4.616420347399254748e-03 5.017862900228172059e-03 1.159989794786934515e-02 2.522383174475124022e-03 5.771943306280499092e-03 6.941144508098752962e-03 5.727452641631089469e-03 4.081198302304778723e-03 6.115796549171412071e-03 5.853926659357624671e-03 2.479543036420441601e-03 1.870135906866886646e-02 1.082732210146557759e-02 5.932197976765736167e-03 7.230430463130328722e-03 4.333418427900222539e-03 7.192472197337350555e-03 4.467514869631867072e-03 9.710461212646995591e-03 8.875708682814330633e-03 4.366585327193198834e-03 9.107208359355011343e-03 1.167157135866702528e-02 5.513551755350890558e-03 6.398901321247528820e-03 8.672141359164992416e-03 8.238961767201041786e-03 4.908068164490618848e-03 8.031362248814248941e-03 8.861771399895952347e-03 4.010899851062223360e-03 4.008516173316312853e-03 8.547799323020723039e-03 8.216112716887612882e-03 1.300463285156996072e-03 9.451745311042957561e-04 1.274118146477003742e-02 6.796291393625382600e-03 2.982319248909220694e-03 8.030249037306869120e-03 8.564856410110297316e-03 8.467618530581776104e-03 4.491499604044989734e-03 1.181801630720911381e-03 7.296895059485345759e-03 5.138091161493588480e-03 8.014735175404524500e-03 1.045239505530581002e-02 5.520603822926600790e-03 5.604521863263814928e-03 6.271805674991410076e-03 5.785949940159286660e-03 9.071153528936948263e-03 1.068285688783066067e-02
4.632620152892201124e-03 6.388944060286693739e-03 5.512645107547810980e-03 4.677903904707388615e-03 1.198172633887917456e-02 4.293200597831208637e-03 6.139359461972900521e-03 5.222562575926715384e-02 1.952691547221020556e-03 1.999999999999960254e+00 4.309468107516058882e-03 8.244260277284755703e-03 2.323935477259124471e-02 6.266442595653611176e-03 5.076985129045216358e-03 7.687492102495360052e-03 5.547766764193212165e-03 9.075266528890979859e-03 1.143676353106470346e-02 1.102597831810319014e-02 2.973264145693063978e-02 4.125673537975401046e-03 6.354582230818694132e-03 4.543929808445285046e-03 1.061373290206512124e-02 6.226903634436950670e-03 5.065559679516613845e-03 8.543132265324205471e-03 5.019319144778749270e-03 1.938975227616434715e-03 3.669326417320354153e-03 2.245287036138400930e-02 7.282640998777121719e-03 1.219388057168969107e-02 5.287951007430204825e-03 2.106461647741287302e-01 7.044843442771280863e-03 2.741344564534639247e-03 9.224420144604773136e-03 6.316877034824894092e-03 2.825787529525476596e-03 4.520486158687081479e-03 8.250557240032943551e-03 4.930586611932746485e-03 3.852210660672227872e-03 9.798094532496104750e-03 4.372313171058028053e-03 1.167151838928972077e-02 1.084064588098771799e-02 3.284318842481135509e-02 4.129068824688639228e-02 7.244338837438325795e-02 4.056462082419172444e-03 5.857733830636551245e-03 2.558858933429801127e-02 6.095801641577244974e-03 2.527900780050652482e-02 6.691493133421870521e-03 5.811698631695880884e-02 6.641113005225802134e-03 3.929749727360582964e-03 7.474229144327351748e-02 1.143301265735166897e-02 6.275429402763874238e-03 3.810800416283577092e-03 6.817050361612552248e-03 5.083919934021994408e-03 2.248531530244536614e-02 2.194036121071281722e-02 1.005796965027998952e-02 6.523582238421059797e-03 8.416214174558487443e-03 7.615609158141780667e-03 2.811847505730833210e-03 6.438321258698022527e-03 2.203713702275277020e-02 3.620041008635622656e-03 7.160904144191029830e-03 8.192282689938266624e-03 5.587878874034767421e-03 3.925965297066562332e-03 1.654335734119038613e-03 9.444841178850390054e-03 4.031064440181333225e-03 1.509040551062088009e-02 9.190300595110783774e-03 9.677234706159699995e-03 9.422839176316016169e-03 3.619634077418890789e-03 4.801584855090342517e-03 8.273273107203122506e-03 6.500790978371099628e-03 8.536580127624624620e-03 5.351678846251468544e-03 6.155570054128980777e-03 1.606659684188385673e-02 4.097693191209978748e-03 6.615489483430000463e-03 6.821333175401814337e-03 4.390693636228910034e-03
4.948858509640978280e-03 8.290294993273213814e-03 4.581274706099242207e-03 7.317527993142621846e-03 7.278670549236980654e-03 6.517445817804003519e-03 2.564326564199745969e-03 7.592243276728185761e-03 4.320684629842205284e-03 4.309468107516058882e-03 1.999999999999783951e+00 8.203793847402647207e-03 4.351338056440396361e-03 7.265661938739251778e-03 4.132169251395416409e-03 6.317266751632333831e-03 6.068908570735318843e-03 6.206900883448360044e-03 6.888073975120219579e-03 7.903611692773317501e-03 9.613405384247710253e-03 6.238966168960020757e-03 6.104048588547975052e-03 6.102464959544458799e-03 6.915279649654972050e-03 5.036785873694904839e-03 6.154259801601833987e-03 7.700590671847150175e-03 8.328081891614614804e-03 8.832918305838237047e-03 6.919044349925936380e-03 7.397456549771644178e-03 7.713523113479930221e-03 1.123894983979792199e-02 6.551604642599183868e-03 1.126083239368885422e-02 9.555206471972372759e-03 3.961082764167112719e-03 6.737098422289414766e-03 8.823219309644466518e-03 6.024717279094357614e-03 7.474002657472078939e-03 4.406742541465972704e-03 5.736429473640286200e-03 6.458197276670460570e-03 1.105902481534245564e-02 4.633787005171650757e-03 1.070244616771611097e-02 1.018129967557864640e-02 5.889870726335084267e-03 8.599659324464709390e-03 8.934285028887097718e-03 6.350976194541574187e-03 5.599575644185804391e-03 1.283455735127413642e-02 2.753765651948810941e-02 7.257423859940956810e-03 6.128136461879170500e-03 9.616774073182803376e-03 7.384925646331366549e-03 5.890597155569074136e-03 7.654084018471943827e-03 4.955498418363136690e-03 7.019491931936262634e-03 6.549339141013307310e-03 8.911059245420904773e-03 3.373567036811569910e-03 8.738807659607529532e-03 4.160671860264153650e-03 9.724358476864043699e-03 6.761318686211196041e-03 8.850184998416802881e-03 9.089678659960364476e-03 4.923941403274016866e-03 1.819746731201035694e-02 8.188252228689612416e-03 2.790050264389728508e-03 6.637482741254759067e-03 4.490293203406897464e-03 6.648721212186611829e-03 6.957088941075995937e-03 4.633176033177855563e-03 1.390009145002714559e-02 1.765254996573042967e-02 1.608988302886446217e-02 1.055945910996607985e-02 8.590442860442573311e-03 1.070492759625260581e-02 4.147454757370648906e-03 2.978504465932670358e-03 1.038135797197344522e-02 7.093584895769351924e-03 8.734173249199714273e-03 8.213906843489873419e-03 1.083790635426729390e-02 9.992626833010555612e-03 8.972862380548665348e-03 6.636060069107465459e-03 5.794658516985335024e-03 7.712552455219054415e-03
1.199988827332544583e-02 1.280888101172151031e-02 5.136330348159983197e-03 9.390379997398366069e-03 1.842137538272224651e-02 1.341316470732704935e-02 7.852349378563229162e-03 1.423804838437239990e-02 7.584558834379064897e-03 8.244260277284755703e-03 8.203793847402647207e-03 1.999999999999912292e+00 1.259867146708967649e-02 1.172769341767605604e-02 1.370578967554763120e-02 1.420270503564766834e-02 1.313258839894833503e-02 1.237440751543469192e-02 2.045954408368851410e-02 1.296688349199371336e-02 1.198027332076141184e-02 2.155744091261997328e-02 1.256276297862154480e-02 1.951660345169815500e-02 7.993132556061235267e-03 7.229159657773448315e-03 1.140735596735054959e-02 1.082815086729848469e-02 1.142278244896736961e-02 1.152763650879903151e-02 1.399855681755175774e-02 1.288707023685020832e-02 1.247169416251302579e-02 2.310321613916427666e-02 6.402634493929174400e-03 1.294780393921532609e-02 1.649268570318770943e-02 7.241501400163889886e-03 1.295535776724294000e-02 1.856297276501259197e-02 9.785288722257812211e-03 1.690622843214609899e-02 1.002173154666691907e-02 7.867268391830186530e-03 1.104845654747959975e-02 2.527202503425319755e-02 6.775930900641825329e-03 1.119030958843654326e-02 1.384885874066090795e-02 6.442958905133755639e-03 1.559028644771640049e-02 1.119947633237333880e-02 4.641016199229932443e-02 1.251839672816470496e-02 1.976605071858840434e-02 6.578073119816986447e-03 1.023024157434852290e-02 1.851508163366187218e-02 1.346872744790940726e-02 1.063732619117871078e-02 1.041884810697688533e-02 1.346620836593836676e-02 5.510661324065788125e-03 1.442360346653064063e-02 1.274399378192340310e-02 1.306171367993958464e-02 7.591260701363884353e-03 6.267740169723197419e-02 1.840901167633109820e-02 1.750764380888963564e-02 1.200573014475340289e-02 8.773372438276631768e-03 1.930306050219797800e-02 8.848395268910640502e-03 1.980621037668965981e-02 1.246664728343259768e-02 3.617037098244044874e-03 1.963746556658746770e-02 1.109785944556311403e-02 1.589435307669500100e-02 7.108877338245374843e-03 7.492496064034900177e-03 2.198346107246955047e-02 7.692514248636603616e-03 1.170225148533524280e-02 1.606725156124357012e-02 1.545427019402090783e-02 1.470100496017135751e-02 9.823424505350657893e-03 2.470291834863867168e-03 1.492214558541818392e-02 1.543760654468856117e-02 1.327573211346185986e-02 1.786179445620379377e-02 7.660523773246369524e-03 1.166372589324264630e-02 8.770733224017470547e-03 2.165423594292318482e-02 1.062564053018634144e-02 1.464990495008809679e-02
7.473255832836747312e-03 9.529604422448897591e-03 1.545805514543324537e-02 6.620761687858285269e-03 6.853608523649985101e-03 1.617577275379497581e-02 4.146941133999642454e-03 1.141150032061415132e-02 4.319324565176257610e-03 2.323935477259124471e-02 4.351338056440396361e-03 1.259867146708967649e-02 1.999999999999988454e+00 8.527731975462429781e-03 5.848462097016601802e-03 9.198235058938653355e-03 4.651264550426913690e-03 1.001067818957499314e-02 7.533787954552148385e-03 8.198047388506444003e-03 7.024183716588296329e-03 4.730222419923531783e-03 6.716548122998783170e-03 1.750374141089872104e-02 4.084165946315265576e-03 9.743534956172847372e-03 2.077160592041108964e-02 4.828853552313098173e-03 5.021980643452280714e-03 1.759003775391369470e-02 4.983661052499836416e-03 1.313085042828436577e-02 7.827939366435771387e-03 1.109126398865672471e-02 3.344913710575856541e-03 1.854644391908095991e-02 7.258371956884983149e-03 4.566504743540698158e-02 4.008393484022199083e-02 9.739703136897882516e-03 2.812984610275601031e-03 6.192838790223907132e-03 3.532214061019898869e-03 1.092463316992313936e-02 3.617090392431842986e-03 1.786352118653585647e-02 6.489726783616957262e-03 6.223148698866596065e-03 7.164591783421530441e-03 3.196916027625851947e-02 1.253068870935250372e-02 1.013863594788637183e-02 5.048262189149964330e-03 1.170152144981044182e-02 1.267199872029846699e-02 5.421788796944754414e-03 2.770130561415645731e-03 1.248483936333742023e-02 7.298013060794364230e-03 1.236762880181101198e-02 2.077015466319206277e-02 1.155159642433115086e-02 8.225273696091174244e-03 6.598006854682602479e-03 1.396765146284429000e-02 7.243613246717591977e-03 5.106574674497761472e-03 1.599977774536654601e-02 2.600526337261785392e-02 9.398751839637667013e-03 9.824194475176453376e-03 1.018412029304503232e-02 1.588378708653317636e-02 5.814991843496945291e-03 1.188074412908132413e-02 2.496823173163825044e-02 4.603881519987601360e-03 6.684864180234365190e-03 2.004983265697853068e-02 1.129758912093058870e-02 1.002597804795960987e-02 4.395952962900205596e-03 1.332361393926865568e-02 2.092047460967905517e-02 5.841982742742957320e-03 1.096277450977810493e-02 1.312739513666246610e-02 5.252909089990506417e-03 2.734934862307221784e-03 4.395595817729224149e-03 5.735853224290051768e-03 8.762884771501128905e-03 4.255538739213194678e-03 1.393702313455148084e-02 9.174571515224397289e-03 6.327421256119460449e-03 5.871470064215658126e-03 1.439188021510508404e-02 6.534089378354054553e-03 6.963661909838647461e-03
6.020745942910967277e-03 1.241982564992308476e-02 5.374440447964533817e-03 1.014888352271469708e-02 7.657271687128247746e-03 7.101201337479893551e-03 5.078409644487883075e-03 1.225228384288083901e-02 5.983662454750791546e-03 6.266442595653611176e-03 7.265661938739251778e-03 1.172769341767605604e-02 8.527731975462429781e-03 2.000000000000027978e+00 2.727138178467766218e-03 6.920282815959423982e-03 5.280687899850358344e-03 5.629388719701864004e-03 9.630414343153240533e-03 7.892508866827222316e-03 1.069960314683260014e-02 9.168046226199457610e-03 9.879817388835301570e-03 1.409745705446553178e-02 4.410506499350249320e-03 9.813271880334773975e-03 6.088317178291086963e-03 7.330016353646745531e-03 6.812200721462138321e-03 6.614122172005592118e-03 5.679751333205716735e-03 7.353772000791771769e-03 1.046992019116701859e-02 1.111163355439052577e-02 7.601975313547327390e-03 1.456122148137911632e-02 8.894585195166088143e-03 6.250386045000989182e-03 9.818029027302024175e-03 8.859417032555482255e-03 8.782269618274536269e-03 5.870526838538807878e-03 3.929502270299822103e-03 4.287575521474878103e-03 7.815958826099034251e-03 1.220139407266273082e-02 8.549955003922700414e-03 1.158967167472692121e-02 1.426286175143522475e-02 7.218051064714108706e-03 1.116090219942672025e-02 1.081201235060906193e-02 1.469201189737294813e-02 4.096500938638888284e-03 9.764945731409926249e-03 7.955392573884334517e-03 5.377188593227043636e-03 6.554274925421255810e-03 1.753363620523563579e-02 8.627643002747757695e-03 7.783032959971522037e-03 7.041045365083672611e-03 5.975958310719124006e-03 1.079891414855334991e-02 1.089610551993881217e-02 5.656743095818287867e-03 6.182330908921744930e-03 1.335766743243032607e-02 2.269359255248144108e-02 9.248628900072721273e-03 1.061895681711802139e-02 1.055635242659150839e-02 7.988071290624891574e-03 3.832441967578281618e-03 6.687383837573063726e-03 1.129880537668312770e-02 5.800905132544852995e-03 6.036640266522657478e-03 7.883920962622368092e-03 6.805206933274561276e-01 4.196744173236103929e-03 4.710892679112201747e-03 1.491588337575639779e-02 8.952055972823246000e-03 8.236372003094242361e-03 1.303110142011851616e-02 6.817292435618346053e-03 1.212808611917244248e-02 1.118110456335493115e-02 3.422687130043047289e-03 1.719348087180209289e-02 7.696381166718657511e-03 8.736408567999610214e-03 1.041837565228677549e-02 9.561812264526067112e-03 8.992304151931800049e-03 2.064214092343475554e-02 9.141308559507956358e-03 7.423425909973690139e-03 7.633944755625177159e-03
8.250310879848844481e-01 8.513134767128673411e-03 4.199758799010464179e-03 4.729568162458111166e-03 4.399985714922513037e-03 9.353701817706425864e-03 3.334198554725217607e-03 1.045178672835505272e-02 4.996074490886466546e-03 5.076985129045216358e-03 4.132169251395416409e-03 1.370578967554763120e-02 5.848462097016601802e-03 2.727138178467766218e-03 1.999999999999978240e+00 6.337509874765859426e-03 7.218786077800699516e-03 8.500738516343121498e-01 1.014506292021453634e-02 7.716720741850666664e-03 8.266775750242901302e-03 7.649919213193460098e-03 6.859293848966629449e-03 5.251942096962974003e-03 2.873307166305873444e-03 1.023720092173298173e-02 4.876106958319090592e-03 1.738354673663844441e-02 7.519122070757462001e-03 5.924368904191181298e-03 1.161366033832704134e-02 6.652959902688731011e-03 1.196572619205773028e-02 1.150274761237829804e-02 5.760847819608788320e-03 1.099055259830045497e-02 1.436654541833564010e-02 5.781321845439455279e-03 1.150469891774444017e-02 6.779917430553296896e-03 3.853445748756568513e-03 5.554633885211444737e-03 9.180739920734140233e-03 4.288800942969427099e-03 8.627308899666652139e-03 7.771021203622091762e-03 7.418553344377017827e-03 7.798414159915215658e-03 1.035324681201223174e-02 7.662420402897576928e-03 7.593796036026377941e-03 5.443411075819622712e-03 8.162670131864824957e-03 1.124581862997154832e-02 7.851403897734700668e-03 3.721069715791740142e-03 8.685583285172604473e-03 1.320058621491243707e-02 1.663147493349195066e-02 5.913840289265165709e-03 4.091491073585173596e-03 5.647683579694339102e-03 4.488810524779176907e-03 8.477742362544987004e-03 7.829876329991922179e-03 8.170820713236796526e-03 3.232753547393408481e-03 7.977799070065029127e-03 8.176574001257194690e-03 1.064888653545071132e-02 1.012079514714494220e-02 7.179682874864183433e-03 1.552904405583938052e-02 4.371795115104530442e-03 8.521811480800091376e-03 6.357426169397301097e-03 3.382388878312585483e-03 5.783868339655124508e-03 6.472779828314297046e-03 7.384880218323831153e-03 1.524874830260936889e-03 3.861011741780972714e-03 7.892139778266450689e-03 7.821077089303523841e-03 9.639372106236889295e-03 9.509236190961493917e-03 1.223380822326726285e-02 8.625684418124741210e-03 1.326409710644201739e-02 6.134563535675412876e-03 8.010407492655436182e-03 6.549080611402960037e-03 5.599870537224092316e-03 9.023276048695912099e-03 1.033842499163232891e-02 5.301074096545771615e-03 6.233945402564432595e-03 1.017556154493334634e-02 4.436658618714157606e-03 6.855143577137543659e-03
3.972507599676132657e-03 8.618459788017397427e-01 1.602034608858950854e-02 9.737503971504933575e-03 8.370825427087233775e-03 9.889198971359465171e-03 1.276786529550925399e-02 1.598254510931668843e-02 8.093032347556594619e-03 7.687492102495360052e-03 6.317266751632333831e-03 1.420270503564766834e-02 9.198235058938653355e-03 6.920282815959423982e-03 6.337509874765859426e-03 1.999999999999945821e+00 9.958546349709914217e-03 8.252918958433266491e-03 7.693895972881095169e-01 6.920627338108505944e-01 7.209439437754022739e-01 1.214861329161942734e-02 5.152532230828981152e-01 6.681118306622441626e-03 7.286641607437684305e-03 2.623827344654156360e-03 1.319919664159232772e-02 6.061831785215493484e-03 8.197006976419771163e-03 2.663397076637014950e-03 5.684232464270246379e-03 2.242353998407981344e-02 9.977645512763019808e-03 1.500590683839426488e-02 1.017960159721380958e-02 1.439296504917876411e-02 1.006656044328308429e-02 3.320476401403303114e-03 1.328958663511005216e-02 1.466117526979764107e-02 1.127348603668298400e-02 1.400463889560864088e-02 1.440304517017717244e-02 7.838288621112743382e-03 6.480876760708762473e-03 1.078363442728093313e-02 1.033319270784094183e-02 2.717722371688116936e-02 9.813789888702687675e-03 8.011024563496843207e-03 1.650140467952200540e-02 9.072722622052912730e-03 5.588792170858833570e-03 8.311387427608412162e-03 1.469122757448103334e-02 8.784332217457658382e-03 8.039002890425868408e-03 1.269786567344128279e-02 1.025459903769162899e-02 7.744992851674369072e-03 8.456167602698936442e-03 7.120442043420448057e-03 4.427012131314020556e-03 8.458338552549569608e-03 1.920562249386465609e-02 6.945584576105895934e-03 6.473616806904107512e-03 1.013764872930979048e-02 7.766241755232850333e-03 1.300248698670709337e-02 4.737707623487218134e-02 1.687922078162402278e-02 1.937615059814051105e-02 8.272452646209578486e-03 1.439686562503294381e-02 8.729254946336936424e-03 2.979568192841415726e-03 1.219516074747424919e-02 1.322955669601514998e-02 1.052907134988942221e-02 5.487688044825923470e-03 7.686545940827820521e-03 1.179810805967882771e-02 6.930405621666731707e-03 1.093780139985789900e-02 1.345902836243684231e-02 1.026938899421263145e-02 9.005812834900012165e-03 3.615157865479667453e-03 1.376026528527946741e-02 9.021528088112081012e-03 2.005038760879006288e-02 5.285860059324920708e-03 1.837179593405381672e-02 1.785487282470089171e-02 9.043300037476964884e-03 9.361394582377993365e-03 1.493641001041463683e-02 6.832152863551901184e-03 5.448770752275592863e-03
